State Name,FIPS,County,County Name,Percent Uninsured,% HIU Income < 100% FPL,% HIU Income 100-138% FPL,% HIU Income 139-249% FPL,% HIU Income 250-400% FPL,% HIU Income 400% FPL,,,,,,,,,,,,,,,,,,,,,,,,,,,,,,,Alabama,01001,Autauga,Autauga AL,0.09,0.52,0.16,0.13,0.12,0.06,,,,,,,,,,,,,,,,,,,,,,,,,,,,,,,Alabama,01003,Baldwin,Baldwin AL,0.09,0.45,0.12,0.15,0.14,0.14,,,,,,,,,,,,,,,,,,,,,,,,,,,,,,,Alabama,01005,Barbour,Barbour AL,0.12,0.46,0.11,0.18,0.22,0.03,,,,,,,,,,,,,,,,,,,,,,,,,,,,,,,Alabama,01007,Bibb,Bibb AL,0.16,0.54,0.14,0.12,0.10,0.10,,,,,,,,,,,,,,,,,,,,,,,,,,,,,,,Alabama,01009,Blount,Blount AL,0.13,0.55,0.10,0.10,0.15,0.10,,,,,,,,,,,,,,,,,,,,,,,,,,,,,,,Alabama,01011,Bullock,Bullock AL,0.12,0.46,0.11,0.18,0.22,0.03,,,,,,,,,,,,,,,,,,,,,,,,,,,,,,,Alabama,01013,Butler,Butler AL,0.14,0.45,0.09,0.30,0.09,0.08,,,,,,,,,,,,,,,,,,,,,,,,,,,,,,,Alabama,01015,Calhoun,Calhoun AL,0.12,0.50,0.16,0.20,0.10,0.04,,,,,,,,,,,,,,,,,,,,,,,,,,,,,,,Alabama,01017,Chambers,Chambers AL,0.12,0.41,0.04,0.21,0.14,0.19,,,,,,,,,,,,,,,,,,,,,,,,,,,,,,,Alabama,01019,Cherokee,Cherokee AL,0.15,0.58,0.04,0.20,0.08,0.10,,,,,,,,,,,,,,,,,,,,,,,,,,,,,,,Alabama,01021,Chilton,Chilton AL,0.12,0.41,0.04,0.21,0.14,0.19,,,,,,,,,,,,,,,,,,,,,,,,,,,,,,,Alabama,01023,Choctaw,Choctaw AL,0.14,0.71,0.07,0.14,0.07,0.03,,,,,,,,,,,,,,,,,,,,,,,,,,,,,,,Alabama,01025,Clarke,Clarke AL,0.14,0.71,0.07,0.14,0.07,0.03,,,,,,,,,,,,,,,,,,,,,,,,,,,,,,,Alabama,01027,Clay,Clay AL,0.15,0.58,0.04,0.20,0.08,0.10,,,,,,,,,,,,,,,,,,,,,,,,,,,,,,,Alabama,01029,Cleburne,Cleburne AL,0.15,0.58,0.04,0.20,0.08,0.10,,,,,,,,,,,,,,,,,,,,,,,,,,,,,,,Alabama,01031,Coffee,Coffee AL,0.14,0.45,0.09,0.30,0.09,0.08,,,,,,,,,,,,,,,,,,,,,,,,,,,,,,,Alabama,01033,Colbert,Colbert AL,0.10,0.47,0.13,0.25,0.05,0.09,,,,,,,,,,,,,,,,,,,,,,,,,,,,,,,Alabama,01035,Conecuh,Conecuh AL,0.14,0.71,0.07,0.14,0.07,0.03,,,,,,,,,,,,,,,,,,,,,,,,,,,,,,,Alabama,01037,Coosa,Coosa AL,0.12,0.41,0.04,0.21,0.14,0.19,,,,,,,,,,,,,,,,,,,,,,,,,,,,,,,Alabama,01039,Covington,Covington AL,0.14,0.45,0.09,0.30,0.09,0.08,,,,,,,,,,,,,,,,,,,,,,,,,,,,,,,Alabama,01041,Crenshaw,Crenshaw AL,0.14,0.45,0.09,0.30,0.09,0.08,,,,,,,,,,,,,,,,,,,,,,,,,,,,,,,Alabama,01043,Cullman,Cullman AL,0.11,0.34,0.06,0.26,0.24,0.10,,,,,,,,,,,,,,,,,,,,,,,,,,,,,,,Alabama,01045,Dale,Dale AL,0.15,0.47,0.11,0.23,0.12,0.07,,,,,,,,,,,,,,,,,,,,,,,,,,,,,,,Alabama,01047,Dallas,Dallas AL,0.16,0.54,0.14,0.12,0.10,0.10,,,,,,,,,,,,,,,,,,,,,,,,,,,,,,,Alabama,01049,DeKalb,DeKalb AL,0.13,0.42,0.17,0.18,0.10,0.13,,,,,,,,,,,,,,,,,,,,,,,,,,,,,,,Alabama,01051,Elmore,Elmore AL,0.09,0.52,0.16,0.13,0.12,0.06,,,,,,,,,,,,,,,,,,,,,,,,,,,,,,,Alabama,01053,Escambia,Escambia AL,0.14,0.71,0.07,0.14,0.07,0.03,,,,,,,,,,,,,,,,,,,,,,,,,,,,,,,Alabama,01055,Etowah,Etowah AL,0.18,0.58,0.10,0.21,0.04,0.08,,,,,,,,,,,,,,,,,,,,,,,,,,,,,,,Alabama,01057,Fayette,Fayette AL,0.17,0.48,0.13,0.28,0.06,0.05,,,,,,,,,,,,,,,,,,,,,,,,,,,,,,,Alabama,01059,Franklin,Franklin AL,0.10,0.47,0.13,0.25,0.05,0.09,,,,,,,,,,,,,,,,,,,,,,,,,,,,,,,Alabama,01061,Geneva,Geneva AL,0.15,0.47,0.11,0.23,0.12,0.07,,,,,,,,,,,,,,,,,,,,,,,,,,,,,,,Alabama,01063,Greene,Greene AL,0.16,0.54,0.14,0.12,0.10,0.10,,,,,,,,,,,,,,,,,,,,,,,,,,,,,,,Alabama,01065,Hale,Hale AL,0.16,0.54,0.14,0.12,0.10,0.10,,,,,,,,,,,,,,,,,,,,,,,,,,,,,,,Alabama,01067,Henry,Henry AL,0.15,0.47,0.11,0.23,0.12,0.07,,,,,,,,,,,,,,,,,,,,,,,,,,,,,,,Alabama,01069,Houston,Houston AL,0.15,0.47,0.11,0.23,0.12,0.07,,,,,,,,,,,,,,,,,,,,,,,,,,,,,,,Alabama,01071,Jackson,Jackson AL,0.13,0.42,0.17,0.18,0.10,0.13,,,,,,,,,,,,,,,,,,,,,,,,,,,,,,,Alabama,01073,Jefferson,Jefferson AL,0.12,0.38,0.12,0.20,0.17,0.14,,,,,,,,,,,,,,,,,,,,,,,,,,,,,,,Alabama,01075,Lamar,Lamar AL,0.17,0.48,0.13,0.28,0.06,0.05,,,,,,,,,,,,,,,,,,,,,,,,,,,,,,,Alabama,01077,Lauderdale,Lauderdale AL,0.10,0.47,0.13,0.25,0.05,0.09,,,,,,,,,,,,,,,,,,,,,,,,,,,,,,,Alabama,01079,Lawrence,Lawrence AL,0.12,0.50,0.17,0.11,0.20,0.02,,,,,,,,,,,,,,,,,,,,,,,,,,,,,,,Alabama,01081,Lee,Lee AL,0.05,0.51,**,0.31,0.11,0.04,,,,,,,,,,,,,,,,,,,,,,,,,,,,,,,Alabama,01083,Limestone,Limestone AL,0.11,0.46,0.08,0.22,0.17,0.07,,,,,,,,,,,,,,,,,,,,,,,,,,,,,,,Alabama,01085,Lowndes,Lowndes AL,0.09,0.52,0.16,0.13,0.12,0.06,,,,,,,,,,,,,,,,,,,,,,,,,,,,,,,Alabama,01087,Macon,Macon AL,0.12,0.46,0.11,0.18,0.22,0.03,,,,,,,,,,,,,,,,,,,,,,,,,,,,,,,Alabama,01089,Madison,Madison AL,0.10,0.46,0.09,0.21,0.12,0.11,,,,,,,,,,,,,,,,,,,,,,,,,,,,,,,Alabama,01091,Marengo,Marengo AL,0.16,0.54,0.14,0.12,0.10,0.10,,,,,,,,,,,,,,,,,,,,,,,,,,,,,,,Alabama,01093,Marion,Marion AL,0.16,0.48,0.13,0.28,0.06,0.06,,,,,,,,,,,,,,,,,,,,,,,,,,,,,,,Alabama,01095,Marshall,Marshall AL,0.09,0.40,0.15,0.20,0.15,0.10,,,,,,,,,,,,,,,,,,,,,,,,,,,,,,,Alabama,01097,Mobile,Mobile AL,0.12,0.41,0.11,0.29,0.12,0.08,,,,,,,,,,,,,,,,,,,,,,,,,,,,,,,Alabama,01099,Monroe,Monroe AL,0.14,0.71,0.07,0.14,0.07,0.03,,,,,,,,,,,,,,,,,,,,,,,,,,,,,,,Alabama,01101,Montgomery,Montgomery AL,0.12,0.47,0.13,0.20,0.12,0.08,,,,,,,,,,,,,,,,,,,,,,,,,,,,,,,Alabama,01103,Morgan,Morgan AL,0.12,0.50,0.17,0.11,0.20,0.02,,,,,,,,,,,,,,,,,,,,,,,,,,,,,,,Alabama,01105,Perry,Perry AL,0.16,0.54,0.14,0.12,0.10,0.10,,,,,,,,,,,,,,,,,,,,,,,,,,,,,,,Alabama,01107,Pickens,Pickens AL,0.10,0.44,0.23,0.18,0.12,0.04,,,,,,,,,,,,,,,,,,,,,,,,,,,,,,,Alabama,01109,Pike,Pike AL,0.12,0.46,0.11,0.18,0.22,0.03,,,,,,,,,,,,,,,,,,,,,,,,,,,,,,,Alabama,01111,Randolph,Randolph AL,0.15,0.58,0.04,0.20,0.08,0.10,,,,,,,,,,,,,,,,,,,,,,,,,,,,,,,Alabama,01113,Russell,Russell AL,0.12,0.46,0.11,0.18,0.22,0.03,,,,,,,,,,,,,,,,,,,,,,,,,,,,,,,Alabama,01115,St. Clair,St. Clair AL,0.13,0.55,0.10,0.10,0.15,0.10,,,,,,,,,,,,,,,,,,,,,,,,,,,,,,,Alabama,01117,Shelby,Shelby AL,0.07,0.45,**,0.22,0.20,0.12,,,,,,,,,,,,,,,,,,,,,,,,,,,,,,,Alabama,01119,Sumter,Sumter AL,0.16,0.54,0.14,0.12,0.10,0.10,,,,,,,,,,,,,,,,,,,,,,,,,,,,,,,Alabama,01121,Talladega,Talladega AL,0.15,0.58,0.04,0.20,0.08,0.10,,,,,,,,,,,,,,,,,,,,,,,,,,,,,,,Alabama,01123,Tallapoosa,Tallapoosa AL,0.12,0.41,0.04,0.21,0.14,0.19,,,,,,,,,,,,,,,,,,,,,,,,,,,,,,,Alabama,01125,Tuscaloosa,Tuscaloosa AL,0.09,0.45,0.13,0.24,0.13,0.05,,,,,,,,,,,,,,,,,,,,,,,,,,,,,,,Alabama,01127,Walker,Walker AL,0.17,0.48,0.13,0.28,0.06,0.05,,,,,,,,,,,,,,,,,,,,,,,,,,,,,,,Alabama,01129,Washington,Washington AL,0.14,0.71,0.07,0.14,0.07,0.03,,,,,,,,,,,,,,,,,,,,,,,,,,,,,,,Alabama,01131,Wilcox,Wilcox AL,0.14,0.71,0.07,0.14,0.07,0.03,,,,,,,,,,,,,,,,,,,,,,,,,,,,,,,Alabama,01133,Winston,Winston AL,0.11,0.34,0.06,0.26,0.24,0.10,,,,,,,,,,,,,,,,,,,,,,,,,,,,,,,Alaska,02013,Aleutians East Borough,Aleutians East Borough AK,0.18,0.40,0.10,0.20,0.19,0.11,,,,,,,,,,,,,,,,,,,,,,,,,,,,,,,Alaska,02016,Aleutians West Census Area,Aleutians West Census Area AK,0.18,0.40,0.10,0.20,0.19,0.11,,,,,,,,,,,,,,,,,,,,,,,,,,,,,,,Alaska,02020,Anchorage Borough,Anchorage Borough AK,0.13,0.18,0.12,0.28,0.28,0.14,,,,,,,,,,,,,,,,,,,,,,,,,,,,,,,Alaska,02050,Bethel Census Area,Bethel Census Area AK,0.18,0.40,0.10,0.20,0.19,0.11,,,,,,,,,,,,,,,,,,,,,,,,,,,,,,,Alaska,02060,Bristol Bay Borough,Bristol Bay Borough AK,0.18,0.40,0.10,0.20,0.19,0.11,,,,,,,,,,,,,,,,,,,,,,,,,,,,,,,Alaska,02068,Denali Borough,Denali Borough AK,0.10,0.29,0.06,0.45,0.11,0.09,,,,,,,,,,,,,,,,,,,,,,,,,,,,,,,Alaska,02070,Dillingham Census Area,Dillingham Census Area AK,0.18,0.40,0.10,0.20,0.19,0.11,,,,,,,,,,,,,,,,,,,,,,,,,,,,,,,Alaska,02090,Fairbanks North Star Borough,Fairbanks North Star Borough AK,0.10,0.29,0.06,0.45,0.11,0.09,,,,,,,,,,,,,,,,,,,,,,,,,,,,,,,Alaska,02100,Haines Borough,Haines Borough AK,0.10,0.29,0.06,0.45,0.11,0.09,,,,,,,,,,,,,,,,,,,,,,,,,,,,,,,Alaska,02105,Hoonah-Angoon Census A,Hoonah-Angoon Census Area,0.18,0.40,0.10,0.20,0.19,0.11,,,,,,,,,,,,,,,,,,,,,,,,,,,,,,,Alaska,02110,Juneau Borough,Juneau Borough AK,0.10,0.29,0.06,0.45,0.11,0.09,,,,,,,,,,,,,,,,,,,,,,,,,,,,,,,Alaska,02122,Kenai Peninsula Borough,Kenai Peninsula Borough AK,0.12,0.25,0.09,0.23,0.24,0.19,,,,,,,,,,,,,,,,,,,,,,,,,,,,,,,Alaska,02130,Ketchikan Gateway Borough,Ketchikan Gateway Borough AK,0.10,0.29,0.06,0.45,0.11,0.09,,,,,,,,,,,,,,,,,,,,,,,,,,,,,,,Alaska,02150,Kodiak Island Borough,Kodiak Island Borough AK,0.18,0.40,0.10,0.20,0.19,0.11,,,,,,,,,,,,,,,,,,,,,,,,,,,,,,,Alaska,02164,Lake and Peninsula Borough,Lake and Peninsula Borough AK,0.18,0.40,0.10,0.20,0.19,0.11,,,,,,,,,,,,,,,,,,,,,,,,,,,,,,,Alaska,02170,Matanuska-Susitna Borough,Matanuska-Susitna Borough AK,0.12,0.25,0.09,0.23,0.24,0.19,,,,,,,,,,,,,,,,,,,,,,,,,,,,,,,Alaska,02180,Nome Census Area,Nome Census Area AK,0.18,0.40,0.10,0.20,0.19,0.11,,,,,,,,,,,,,,,,,,,,,,,,,,,,,,,Alaska,02185,North Slope Borough,North Slope Borough AK,0.18,0.40,0.10,0.20,0.19,0.11,,,,,,,,,,,,,,,,,,,,,,,,,,,,,,,Alaska,02188,Northwest Arctic Borough,Northwest Arctic Borough AK,0.18,0.40,0.10,0.20,0.19,0.11,,,,,,,,,,,,,,,,,,,,,,,,,,,,,,,Alaska,02195,Petersburg Census A,Petersburg Census Area,0.18,0.40,0.10,0.20,0.19,0.11,,,,,,,,,,,,,,,,,,,,,,,,,,,,,,,Alaska,02198,Prince of Wales-Hyder Census A,Prince of Wales-Hyder Census Area,0.18,0.40,0.10,0.20,0.19,0.11,,,,,,,,,,,,,,,,,,,,,,,,,,,,,,,Alaska,02220,Sitka Borough,Sitka Borough AK,0.18,0.40,0.10,0.20,0.19,0.11,,,,,,,,,,,,,,,,,,,,,,,,,,,,,,,Alaska,02230,Skagway Municipal,Skagway Municipality,0.10,0.29,0.06,0.45,0.11,0.09,,,,,,,,,,,,,,,,,,,,,,,,,,,,,,,Alaska,02240,Southeast Fairbanks Census Area,Southeast Fairbanks Census Area AK,0.10,0.29,0.06,0.45,0.11,0.09,,,,,,,,,,,,,,,,,,,,,,,,,,,,,,,Alaska,02261,Valdez-Cordova Census Area,Valdez-Cordova Census Area AK,0.10,0.29,0.06,0.45,0.11,0.09,,,,,,,,,,,,,,,,,,,,,,,,,,,,,,,Alaska,02270,Wade Hampton Census Area AK ,Wade Hampton Census Area AK (D),0.18,0.40,0.10,0.20,0.19,0.11,,,,,,,,,,,,,,,,,,,,,,,,,,,,,,,Alaska,02275,Wrangell City and Boro,Wrangell City and Borough,0.18,0.40,0.10,0.20,0.19,0.11,,,,,,,,,,,,,,,,,,,,,,,,,,,,,,,Alaska,02282,Yakutat Boro,Yakutat Borough,0.18,0.40,0.10,0.20,0.19,0.11,,,,,,,,,,,,,,,,,,,,,,,,,,,,,,,Alaska,02290,Yukon-Koyukuk Census Area,Yukon-Koyukuk Census Area AK,0.18,0.40,0.10,0.20,0.19,0.11,,,,,,,,,,,,,,,,,,,,,,,,,,,,,,,Arizona,04001,Apache,Apache AZ,0.26,0.50,0.06,0.23,0.14,0.07,,,,,,,,,,,,,,,,,,,,,,,,,,,,,,,Arizona,04003,Cochise,Cochise AZ,0.11,0.24,0.15,0.32,0.13,0.16,,,,,,,,,,,,,,,,,,,,,,,,,,,,,,,Arizona,04005,Coconino,Coconino AZ,0.12,0.32,0.09,0.27,0.17,0.16,,,,,,,,,,,,,,,,,,,,,,,,,,,,,,,Arizona,04007,Gila,Gila AZ,0.13,0.57,0.05,0.19,0.08,0.11,,,,,,,,,,,,,,,,,,,,,,,,,,,,,,,Arizona,04009,Graham,Graham AZ,0.13,0.57,0.05,0.19,0.08,0.11,,,,,,,,,,,,,,,,,,,,,,,,,,,,,,,Arizona,04011,Greenlee,Greenlee AZ,0.13,0.57,0.05,0.19,0.08,0.11,,,,,,,,,,,,,,,,,,,,,,,,,,,,,,,Arizona,04012,La Paz,La Paz AZ,0.13,0.36,0.09,0.29,0.14,0.12,,,,,,,,,,,,,,,,,,,,,,,,,,,,,,,Arizona,04013,Maricopa,Maricopa AZ,0.11,0.24,0.08,0.29,0.23,0.16,,,,,,,,,,,,,,,,,,,,,,,,,,,,,,,Arizona,04015,Mohave,Mohave AZ,0.13,0.36,0.09,0.29,0.14,0.12,,,,,,,,,,,,,,,,,,,,,,,,,,,,,,,Arizona,04017,Navajo,Navajo AZ,0.26,0.50,0.06,0.23,0.14,0.07,,,,,,,,,,,,,,,,,,,,,,,,,,,,,,,Arizona,04019,Pima,Pima AZ,0.11,0.33,0.09,0.28,0.19,0.12,,,,,,,,,,,,,,,,,,,,,,,,,,,,,,,Arizona,04021,Pinal,Pinal AZ,0.17,0.43,0.09,0.28,0.06,0.13,,,,,,,,,,,,,,,,,,,,,,,,,,,,,,,Arizona,04023,Santa Cruz,Santa Cruz AZ,0.11,0.24,0.15,0.32,0.13,0.16,,,,,,,,,,,,,,,,,,,,,,,,,,,,,,,Arizona,04025,Yavapai,Yavapai AZ,0.14,0.19,0.07,0.29,0.28,0.18,,,,,,,,,,,,,,,,,,,,,,,,,,,,,,,Arizona,04027,Yuma,Yuma AZ,0.15,0.27,0.29,0.22,0.15,0.07,,,,,,,,,,,,,,,,,,,,,,,,,,,,,,,Arkansas,05001,Arkansas,Arkansas AR,0.12,0.70,0.03,0.13,0.09,0.06,,,,,,,,,,,,,,,,,,,,,,,,,,,,,,,Arkansas,05003,Ashley,Ashley AR,0.13,0.68,0.03,0.22,0.07,**,,,,,,,,,,,,,,,,,,,,,,,,,,,,,,,Arkansas,05005,Baxter,Baxter AR,0.10,0.25,0.14,0.42,0.14,0.05,,,,,,,,,,,,,,,,,,,,,,,,,,,,,,,Arkansas,05007,Benton,Benton AR,0.09,0.24,0.06,0.38,0.24,0.07,,,,,,,,,,,,,,,,,,,,,,,,,,,,,,,Arkansas,05009,Boone,Boone AR,0.10,0.25,0.14,0.42,0.14,0.05,,,,,,,,,,,,,,,,,,,,,,,,,,,,,,,Arkansas,05011,Bradley,Bradley AR,0.13,0.68,0.03,0.22,0.07,**,,,,,,,,,,,,,,,,,,,,,,,,,,,,,,,Arkansas,05013,Calhoun,Calhoun AR,0.06,0.43,0.15,0.11,0.27,0.04,,,,,,,,,,,,,,,,,,,,,,,,,,,,,,,Arkansas,05015,Carroll,Carroll AR,0.10,0.25,0.14,0.42,0.14,0.05,,,,,,,,,,,,,,,,,,,,,,,,,,,,,,,Arkansas,05017,Chicot,Chicot AR,0.13,0.68,0.03,0.22,0.07,**,,,,,,,,,,,,,,,,,,,,,,,,,,,,,,,Arkansas,05019,Clark,Clark AR,0.13,0.42,0.05,0.33,0.10,0.10,,,,,,,,,,,,,,,,,,,,,,,,,,,,,,,Arkansas,05021,Clay,Clay AR,0.10,0.28,0.07,0.43,0.14,0.09,,,,,,,,,,,,,,,,,,,,,,,,,,,,,,,Arkansas,05023,Cleburne,Cleburne AR,0.12,0.33,0.08,0.25,0.20,0.14,,,,,,,,,,,,,,,,,,,,,,,,,,,,,,,Arkansas,05025,Cleveland,Cleveland AR,0.13,0.68,0.03,0.22,0.07,**,,,,,,,,,,,,,,,,,,,,,,,,,,,,,,,Arkansas,05027,Columbia,Columbia AR,0.06,0.43,0.15,0.11,0.27,0.04,,,,,,,,,,,,,,,,,,,,,,,,,,,,,,,Arkansas,05029,Conway,Conway AR,0.08,0.34,0.18,0.25,0.14,0.08,,,,,,,,,,,,,,,,,,,,,,,,,,,,,,,Arkansas,05031,Craighead,Craighead AR,0.10,0.28,0.11,0.39,0.13,0.08,,,,,,,,,,,,,,,,,,,,,,,,,,,,,,,Arkansas,05033,Crawford,Crawford AR,0.11,0.19,0.16,0.40,0.21,0.04,,,,,,,,,,,,,,,,,,,,,,,,,,,,,,,Arkansas,05035,Crittenden,Crittenden AR,0.11,0.30,0.31,0.22,0.10,0.06,,,,,,,,,,,,,,,,,,,,,,,,,,,,,,,Arkansas,05037,Cross,Cross AR,0.15,0.48,0.12,0.19,0.13,0.08,,,,,,,,,,,,,,,,,,,,,,,,,,,,,,,Arkansas,05039,Dallas,Dallas AR,0.06,0.43,0.15,0.11,0.27,0.04,,,,,,,,,,,,,,,,,,,,,,,,,,,,,,,Arkansas,05041,Desha,Desha AR,0.13,0.68,0.03,0.22,0.07,**,,,,,,,,,,,,,,,,,,,,,,,,,,,,,,,Arkansas,05043,Drew,Drew AR,0.13,0.68,0.03,0.22,0.07,**,,,,,,,,,,,,,,,,,,,,,,,,,,,,,,,Arkansas,05045,Faulkner,Faulkner AR,0.10,0.33,0.15,0.28,0.12,0.12,,,,,,,,,,,,,,,,,,,,,,,,,,,,,,,Arkansas,05047,Franklin,Franklin AR,0.10,0.26,0.14,0.40,0.15,0.05,,,,,,,,,,,,,,,,,,,,,,,,,,,,,,,Arkansas,05049,Fulton,Fulton AR,0.12,0.33,0.08,0.25,0.20,0.14,,,,,,,,,,,,,,,,,,,,,,,,,,,,,,,Arkansas,05051,Garland,Garland AR,0.13,0.42,0.05,0.33,0.10,0.10,,,,,,,,,,,,,,,,,,,,,,,,,,,,,,,Arkansas,05053,Grant,Grant AR,0.12,0.71,**,0.07,0.11,0.09,,,,,,,,,,,,,,,,,,,,,,,,,,,,,,,Arkansas,05055,Greene,Greene AR,0.10,0.28,0.07,0.43,0.14,0.09,,,,,,,,,,,,,,,,,,,,,,,,,,,,,,,Arkansas,05057,Hempstead,Hempstead AR,0.12,0.50,0.06,0.14,0.16,0.14,,,,,,,,,,,,,,,,,,,,,,,,,,,,,,,Arkansas,05059,Hot Spring,Hot Spring AR,0.13,0.42,0.05,0.33,0.10,0.10,,,,,,,,,,,,,,,,,,,,,,,,,,,,,,,Arkansas,05061,Howard,Howard AR,0.10,0.26,0.14,0.40,0.15,0.05,,,,,,,,,,,,,,,,,,,,,,,,,,,,,,,Arkansas,05063,Independence,Independence AR,0.12,0.33,0.08,0.25,0.20,0.14,,,,,,,,,,,,,,,,,,,,,,,,,,,,,,,Arkansas,05065,Izard,Izard AR,0.12,0.33,0.08,0.25,0.20,0.14,,,,,,,,,,,,,,,,,,,,,,,,,,,,,,,Arkansas,05067,Jackson,Jackson AR,0.11,0.28,0.08,0.43,0.16,0.04,,,,,,,,,,,,,,,,,,,,,,,,,,,,,,,Arkansas,05069,Jefferson,Jefferson AR,0.12,0.71,**,0.07,0.11,0.09,,,,,,,,,,,,,,,,,,,,,,,,,,,,,,,Arkansas,05071,Johnson,Johnson AR,0.08,0.34,0.18,0.25,0.14,0.08,,,,,,,,,,,,,,,,,,,,,,,,,,,,,,,Arkansas,05073,Lafayette,Lafayette AR,0.12,0.50,0.06,0.14,0.16,0.14,,,,,,,,,,,,,,,,,,,,,,,,,,,,,,,Arkansas,05075,Lawrence,Lawrence AR,0.10,0.28,0.07,0.43,0.14,0.09,,,,,,,,,,,,,,,,,,,,,,,,,,,,,,,Arkansas,05077,Lee,Lee AR,0.15,0.48,0.12,0.19,0.13,0.08,,,,,,,,,,,,,,,,,,,,,,,,,,,,,,,Arkansas,05079,Lincoln,Lincoln AR,0.13,0.68,0.03,0.22,0.07,**,,,,,,,,,,,,,,,,,,,,,,,,,,,,,,,Arkansas,05081,Little River,Little River AR,0.12,0.50,0.06,0.14,0.16,0.14,,,,,,,,,,,,,,,,,,,,,,,,,,,,,,,Arkansas,05083,Logan,Logan AR,0.10,0.26,0.14,0.40,0.15,0.05,,,,,,,,,,,,,,,,,,,,,,,,,,,,,,,Arkansas,05085,Lonoke,Lonoke AR,0.10,0.33,0.15,0.28,0.12,0.12,,,,,,,,,,,,,,,,,,,,,,,,,,,,,,,Arkansas,05087,Madison,Madison AR,0.10,0.25,0.14,0.42,0.14,0.05,,,,,,,,,,,,,,,,,,,,,,,,,,,,,,,Arkansas,05089,Marion,Marion AR,0.10,0.25,0.14,0.42,0.14,0.05,,,,,,,,,,,,,,,,,,,,,,,,,,,,,,,Arkansas,05091,Miller,Miller AR,0.12,0.50,0.06,0.14,0.16,0.14,,,,,,,,,,,,,,,,,,,,,,,,,,,,,,,Arkansas,05093,Mississippi,Mississippi AR,0.11,0.30,0.31,0.22,0.10,0.06,,,,,,,,,,,,,,,,,,,,,,,,,,,,,,,Arkansas,05095,Monroe,Monroe AR,0.15,0.48,0.12,0.19,0.13,0.08,,,,,,,,,,,,,,,,,,,,,,,,,,,,,,,Arkansas,05097,Montgomery,Montgomery AR,0.13,0.42,0.05,0.33,0.10,0.10,,,,,,,,,,,,,,,,,,,,,,,,,,,,,,,Arkansas,05099,Nevada,Nevada AR,0.12,0.50,0.06,0.14,0.16,0.14,,,,,,,,,,,,,,,,,,,,,,,,,,,,,,,Arkansas,05101,Newton,Newton AR,0.10,0.25,0.14,0.42,0.14,0.05,,,,,,,,,,,,,,,,,,,,,,,,,,,,,,,Arkansas,05103,Ouachita,Ouachita AR,0.06,0.43,0.15,0.11,0.27,0.04,,,,,,,,,,,,,,,,,,,,,,,,,,,,,,,Arkansas,05105,Perry,Perry AR,0.08,0.34,0.18,0.25,0.14,0.08,,,,,,,,,,,,,,,,,,,,,,,,,,,,,,,Arkansas,05107,Phillips,Phillips AR,0.15,0.48,0.12,0.19,0.13,0.08,,,,,,,,,,,,,,,,,,,,,,,,,,,,,,,Arkansas,05109,Pike,Pike AR,0.12,0.50,0.06,0.14,0.16,0.14,,,,,,,,,,,,,,,,,,,,,,,,,,,,,,,Arkansas,05111,Poinsett,Poinsett AR,0.15,0.48,0.12,0.19,0.13,0.08,,,,,,,,,,,,,,,,,,,,,,,,,,,,,,,Arkansas,05113,Polk,Polk AR,0.10,0.26,0.14,0.40,0.15,0.05,,,,,,,,,,,,,,,,,,,,,,,,,,,,,,,Arkansas,05115,Pope,Pope AR,0.08,0.34,0.18,0.25,0.14,0.08,,,,,,,,,,,,,,,,,,,,,,,,,,,,,,,Arkansas,05117,Prairie,Prairie AR,0.11,0.28,0.08,0.43,0.16,0.04,,,,,,,,,,,,,,,,,,,,,,,,,,,,,,,Arkansas,05119,Pulaski,Pulaski AR,0.09,0.29,0.16,0.31,0.19,0.06,,,,,,,,,,,,,,,,,,,,,,,,,,,,,,,Arkansas,05121,Randolph,Randolph AR,0.10,0.28,0.07,0.43,0.14,0.09,,,,,,,,,,,,,,,,,,,,,,,,,,,,,,,Arkansas,05123,St. Francis,St. Francis AR,0.15,0.48,0.12,0.19,0.13,0.08,,,,,,,,,,,,,,,,,,,,,,,,,,,,,,,Arkansas,05125,Saline,Saline AR,0.09,0.17,0.13,0.48,0.14,0.08,,,,,,,,,,,,,,,,,,,,,,,,,,,,,,,Arkansas,05127,Scott,Scott AR,0.10,0.26,0.14,0.40,0.15,0.05,,,,,,,,,,,,,,,,,,,,,,,,,,,,,,,Arkansas,05129,Searcy,Searcy AR,0.10,0.25,0.14,0.42,0.14,0.05,,,,,,,,,,,,,,,,,,,,,,,,,,,,,,,Arkansas,05131,Sebastian,Sebastian AR,0.11,0.19,0.16,0.40,0.21,0.04,,,,,,,,,,,,,,,,,,,,,,,,,,,,,,,Arkansas,05133,Sevier,Sevier AR,0.10,0.26,0.14,0.40,0.15,0.05,,,,,,,,,,,,,,,,,,,,,,,,,,,,,,,Arkansas,05135,Sharp,Sharp AR,0.12,0.33,0.08,0.25,0.20,0.14,,,,,,,,,,,,,,,,,,,,,,,,,,,,,,,Arkansas,05137,Stone,Stone AR,0.12,0.33,0.08,0.25,0.20,0.14,,,,,,,,,,,,,,,,,,,,,,,,,,,,,,,Arkansas,05139,Union,Union AR,0.06,0.43,0.15,0.11,0.27,0.04,,,,,,,,,,,,,,,,,,,,,,,,,,,,,,,Arkansas,05141,Van Buren,Van Buren AR,0.12,0.33,0.08,0.25,0.20,0.14,,,,,,,,,,,,,,,,,,,,,,,,,,,,,,,Arkansas,05143,Washington,Washington AR,0.14,0.36,0.11,0.32,0.14,0.08,,,,,,,,,,,,,,,,,,,,,,,,,,,,,,,Arkansas,05145,White,White AR,0.11,0.28,0.08,0.43,0.16,0.04,,,,,,,,,,,,,,,,,,,,,,,,,,,,,,,Arkansas,05147,Woodruff,Woodruff AR,0.11,0.28,0.08,0.43,0.16,0.04,,,,,,,,,,,,,,,,,,,,,,,,,,,,,,,Arkansas,05149,Yell,Yell AR,0.08,0.34,0.18,0.25,0.14,0.08,,,,,,,,,,,,,,,,,,,,,,,,,,,,,,,California,06001,Alameda,Alameda CA,0.04,0.31,0.05,0.18,0.23,0.23,,,,,,,,,,,,,,,,,,,,,,,,,,,,,,,California,06003,Alpine,Alpine CA,0.13,0.41,0.08,0.12,0.18,0.21,,,,,,,,,,,,,,,,,,,,,,,,,,,,,,,California,06005,Amador,Amador CA,0.13,0.41,0.08,0.12,0.18,0.21,,,,,,,,,,,,,,,,,,,,,,,,,,,,,,,California,06007,Butte,Butte CA,0.07,0.33,0.09,0.21,0.23,0.13,,,,,,,,,,,,,,,,,,,,,,,,,,,,,,,California,06009,Calaveras,Calaveras CA,0.13,0.41,0.08,0.12,0.18,0.21,,,,,,,,,,,,,,,,,,,,,,,,,,,,,,,California,06011,Colusa,Colusa CA,0.11,0.23,0.40,0.24,0.12,0.01,,,,,,,,,,,,,,,,,,,,,,,,,,,,,,,California,06013,Contra Costa,Contra Costa CA,0.05,0.31,0.05,0.21,0.15,0.28,,,,,,,,,,,,,,,,,,,,,,,,,,,,,,,California,06015,Del Norte,Del Norte CA,0.14,0.72,0.02,0.06,0.16,0.03,,,,,,,,,,,,,,,,,,,,,,,,,,,,,,,California,06017,El Dorado,El Dorado CA,0.05,0.41,**,0.18,0.13,0.28,,,,,,,,,,,,,,,,,,,,,,,,,,,,,,,California,06019,Fresno,Fresno CA,0.08,0.40,0.08,0.26,0.13,0.14,,,,,,,,,,,,,,,,,,,,,,,,,,,,,,,California,06021,Glenn,Glenn CA,0.11,0.23,0.40,0.24,0.12,0.01,,,,,,,,,,,,,,,,,,,,,,,,,,,,,,,California,06023,Humboldt,Humboldt CA,0.09,0.34,0.07,0.19,0.25,0.15,,,,,,,,,,,,,,,,,,,,,,,,,,,,,,,California,06025,Imperial,Imperial CA,0.07,0.56,0.06,0.12,0.09,0.17,,,,,,,,,,,,,,,,,,,,,,,,,,,,,,,California,06027,Inyo,Inyo CA,0.13,0.41,0.08,0.12,0.18,0.21,,,,,,,,,,,,,,,,,,,,,,,,,,,,,,,California,06029,Kern,Kern CA,0.09,0.46,0.07,0.24,0.11,0.12,,,,,,,,,,,,,,,,,,,,,,,,,,,,,,,California,06031,Kings,Kings CA,0.05,0.42,0.27,0.19,0.09,0.03,,,,,,,,,,,,,,,,,,,,,,,,,,,,,,,California,06033,Lake,Lake CA,0.07,0.20,0.03,0.23,0.36,0.18,,,,,,,,,,,,,,,,,,,,,,,,,,,,,,,California,06035,Lassen,Lassen CA,0.14,0.72,0.02,0.06,0.16,0.03,,,,,,,,,,,,,,,,,,,,,,,,,,,,,,,California,06037,Los Angeles,Los Angeles CA,0.09,0.29,0.09,0.27,0.19,0.17,,,,,,,,,,,,,,,,,,,,,,,,,,,,,,,California,06039,Madera,Madera CA,0.07,0.21,0.18,0.16,0.30,0.14,,,,,,,,,,,,,,,,,,,,,,,,,,,,,,,California,06041,Marin,Marin CA,0.04,0.32,0.03,0.26,0.17,0.23,,,,,,,,,,,,,,,,,,,,,,,,,,,,,,,California,06043,Mariposa,Mariposa CA,0.13,0.41,0.08,0.12,0.18,0.21,,,,,,,,,,,,,,,,,,,,,,,,,,,,,,,California,06045,Mendocino,Mendocino CA,0.07,0.20,0.03,0.23,0.36,0.18,,,,,,,,,,,,,,,,,,,,,,,,,,,,,,,California,06047,Merced,Merced CA,0.11,0.19,0.05,0.35,0.28,0.13,,,,,,,,,,,,,,,,,,,,,,,,,,,,,,,California,06049,Modoc,Modoc CA,0.14,0.72,0.02,0.06,0.16,0.03,,,,,,,,,,,,,,,,,,,,,,,,,,,,,,,California,06051,Mono,Mono CA,0.13,0.41,0.08,0.12,0.18,0.21,,,,,,,,,,,,,,,,,,,,,,,,,,,,,,,California,06053,Monterey,Monterey CA,0.08,0.38,0.06,0.31,0.14,0.11,,,,,,,,,,,,,,,,,,,,,,,,,,,,,,,California,06055,Napa,Napa CA,0.07,0.31,0.07,0.28,0.19,0.15,,,,,,,,,,,,,,,,,,,,,,,,,,,,,,,California,06057,Nevada,Nevada CA,0.07,0.17,**,0.50,0.14,0.16,,,,,,,,,,,,,,,,,,,,,,,,,,,,,,,California,06059,Orange,Orange CA,0.07,0.27,0.06,0.22,0.20,0.25,,,,,,,,,,,,,,,,,,,,,,,,,,,,,,,California,06061,Placer,Placer CA,0.04,0.16,0.07,0.17,0.26,0.34,,,,,,,,,,,,,,,,,,,,,,,,,,,,,,,California,06063,Plumas,Plumas CA,0.14,0.72,0.02,0.06,0.16,0.03,,,,,,,,,,,,,,,,,,,,,,,,,,,,,,,California,06065,Riverside,Riverside CA,0.09,0.27,0.07,0.32,0.19,0.15,,,,,,,,,,,,,,,,,,,,,,,,,,,,,,,California,06067,Sacramento,Sacramento CA,0.07,0.33,0.07,0.26,0.18,0.15,,,,,,,,,,,,,,,,,,,,,,,,,,,,,,,California,06069,San Benito,San Benito CA,0.09,0.52,0.04,0.23,0.17,0.04,,,,,,,,,,,,,,,,,,,,,,,,,,,,,,,California,06071,San Bernardino,San Bernardino CA,0.09,0.35,0.09,0.27,0.17,0.12,,,,,,,,,,,,,,,,,,,,,,,,,,,,,,,California,06073,San Diego,San Diego CA,0.08,0.27,0.09,0.28,0.18,0.18,,,,,,,,,,,,,,,,,,,,,,,,,,,,,,,California,06075,San Francisco,San Francisco CA,0.04,0.33,0.02,0.16,0.18,0.31,,,,,,,,,,,,,,,,,,,,,,,,,,,,,,,California,06077,San Joaquin,San Joaquin CA,0.07,0.35,0.09,0.21,0.23,0.12,,,,,,,,,,,,,,,,,,,,,,,,,,,,,,,California,06079,San Luis Obispo,San Luis Obispo CA,0.08,0.39,0.04,0.23,0.21,0.12,,,,,,,,,,,,,,,,,,,,,,,,,,,,,,,California,06081,San Mateo,San Mateo CA,0.04,0.17,0.09,0.25,0.23,0.26,,,,,,,,,,,,,,,,,,,,,,,,,,,,,,,California,06083,Santa Barbara,Santa Barbara CA,0.10,0.29,0.13,0.25,0.14,0.19,,,,,,,,,,,,,,,,,,,,,,,,,,,,,,,California,06085,Santa Clara,Santa Clara CA,0.05,0.24,0.06,0.23,0.21,0.26,,,,,,,,,,,,,,,,,,,,,,,,,,,,,,,California,06087,Santa Cruz,Santa Cruz CA,0.06,0.25,0.05,0.22,0.29,0.18,,,,,,,,,,,,,,,,,,,,,,,,,,,,,,,California,06089,Shasta,Shasta CA,0.09,0.18,0.13,0.23,0.22,0.23,,,,,,,,,,,,,,,,,,,,,,,,,,,,,,,California,06091,Sierra,Sierra CA,0.07,0.17,**,0.50,0.14,0.16,,,,,,,,,,,,,,,,,,,,,,,,,,,,,,,California,06093,Siskiyou,Siskiyou CA,0.14,0.72,0.02,0.06,0.16,0.03,,,,,,,,,,,,,,,,,,,,,,,,,,,,,,,California,06095,Solano,Solano CA,0.04,0.27,0.03,0.15,0.33,0.23,,,,,,,,,,,,,,,,,,,,,,,,,,,,,,,California,06097,Sonoma,Sonoma CA,0.06,0.28,0.03,0.24,0.22,0.23,,,,,,,,,,,,,,,,,,,,,,,,,,,,,,,California,06099,Stanislaus,Stanislaus CA,0.07,0.29,0.08,0.31,0.18,0.13,,,,,,,,,,,,,,,,,,,,,,,,,,,,,,,California,06101,Sutter,Sutter CA,0.07,0.35,0.08,0.21,0.19,0.18,,,,,,,,,,,,,,,,,,,,,,,,,,,,,,,California,06103,Tehama,Tehama CA,0.11,0.23,0.40,0.24,0.12,0.01,,,,,,,,,,,,,,,,,,,,,,,,,,,,,,,California,06105,Trinity,Trinity CA,0.11,0.23,0.40,0.24,0.12,0.01,,,,,,,,,,,,,,,,,,,,,,,,,,,,,,,California,06107,Tulare,Tulare CA,0.07,0.29,0.16,0.20,0.19,0.16,,,,,,,,,,,,,,,,,,,,,,,,,,,,,,,California,06109,Tuolumne,Tuolumne CA,0.13,0.41,0.08,0.12,0.18,0.21,,,,,,,,,,,,,,,,,,,,,,,,,,,,,,,California,06111,Ventura,Ventura CA,0.08,0.20,0.05,0.31,0.19,0.25,,,,,,,,,,,,,,,,,,,,,,,,,,,,,,,California,06113,Yolo,Yolo CA,0.04,0.46,0.11,0.17,0.15,0.12,,,,,,,,,,,,,,,,,,,,,,,,,,,,,,,California,06115,Yuba,Yuba CA,0.07,0.35,0.08,0.21,0.19,0.18,,,,,,,,,,,,,,,,,,,,,,,,,,,,,,,Colorado,08001,Adams,Adams CO,0.09,0.16,0.08,0.35,0.30,0.10,,,,,,,,,,,,,,,,,,,,,,,,,,,,,,,Colorado,08003,Alamosa,Alamosa CO,0.09,0.24,0.15,0.44,0.06,0.11,,,,,,,,,,,,,,,,,,,,,,,,,,,,,,,Colorado,08005,Arapahoe,Arapahoe CO,0.08,0.20,0.09,0.20,0.25,0.26,,,,,,,,,,,,,,,,,,,,,,,,,,,,,,,Colorado,08007,Archuleta,Archuleta CO,0.10,0.20,0.04,0.29,0.15,0.32,,,,,,,,,,,,,,,,,,,,,,,,,,,,,,,Colorado,08009,Baca,Baca CO,0.09,0.24,0.15,0.44,0.06,0.11,,,,,,,,,,,,,,,,,,,,,,,,,,,,,,,Colorado,08011,Bent,Bent CO,0.14,0.47,0.10,0.18,0.12,0.14,,,,,,,,,,,,,,,,,,,,,,,,,,,,,,,Colorado,08013,Boulder,Boulder CO,0.05,0.14,0.03,0.31,0.24,0.29,,,,,,,,,,,,,,,,,,,,,,,,,,,,,,,Colorado,08014,Broomfield,Broomfield CO,0.05,0.06,0.04,0.40,0.32,0.18,,,,,,,,,,,,,,,,,,,,,,,,,,,,,,,Colorado,08015,Chaffee,Chaffee CO,0.20,0.65,0.02,0.13,0.06,0.13,,,,,,,,,,,,,,,,,,,,,,,,,,,,,,,Colorado,08017,Cheyenne,Cheyenne CO,0.14,0.47,0.10,0.18,0.12,0.14,,,,,,,,,,,,,,,,,,,,,,,,,,,,,,,Colorado,08019,Clear Creek,Clear Creek CO,0.05,0.10,**,0.11,0.19,0.60,,,,,,,,,,,,,,,,,,,,,,,,,,,,,,,Colorado,08021,Conejos,Conejos CO,0.09,0.24,0.15,0.44,0.06,0.11,,,,,,,,,,,,,,,,,,,,,,,,,,,,,,,Colorado,08023,Costilla,Costilla CO,0.09,0.24,0.15,0.44,0.06,0.11,,,,,,,,,,,,,,,,,,,,,,,,,,,,,,,Colorado,08025,Crowley,Crowley CO,0.14,0.47,0.10,0.18,0.12,0.14,,,,,,,,,,,,,,,,,,,,,,,,,,,,,,,Colorado,08027,Custer,Custer CO,0.20,0.65,0.02,0.13,0.06,0.13,,,,,,,,,,,,,,,,,,,,,,,,,,,,,,,Colorado,08029,Delta,Delta CO,0.14,0.34,0.01,0.26,0.15,0.24,,,,,,,,,,,,,,,,,,,,,,,,,,,,,,,Colorado,08031,Denver,Denver CO,0.07,0.18,0.08,0.28,0.24,0.23,,,,,,,,,,,,,,,,,,,,,,,,,,,,,,,Colorado,08033,Dolores,Dolores CO,0.10,0.20,0.04,0.29,0.15,0.32,,,,,,,,,,,,,,,,,,,,,,,,,,,,,,,Colorado,08035,Douglas,Douglas CO,0.04,0.22,0.08,0.12,0.32,0.25,,,,,,,,,,,,,,,,,,,,,,,,,,,,,,,Colorado,08037,Eagle,Eagle CO,0.07,0.24,0.17,0.21,0.09,0.29,,,,,,,,,,,,,,,,,,,,,,,,,,,,,,,Colorado,08039,Elbert,Elbert CO,0.06,0.32,0.17,0.15,0.12,0.24,,,,,,,,,,,,,,,,,,,,,,,,,,,,,,,Colorado,08041,El Paso,El Paso CO,0.08,0.13,0.07,0.30,0.26,0.24,,,,,,,,,,,,,,,,,,,,,,,,,,,,,,,Colorado,08043,Fremont,Fremont CO,0.20,0.65,0.02,0.13,0.06,0.13,,,,,,,,,,,,,,,,,,,,,,,,,,,,,,,Colorado,08045,Garfield,Garfield CO,0.14,0.13,0.11,0.29,0.23,0.24,,,,,,,,,,,,,,,,,,,,,,,,,,,,,,,Colorado,08047,Gilpin,Gilpin CO,0.05,0.10,**,0.11,0.19,0.60,,,,,,,,,,,,,,,,,,,,,,,,,,,,,,,Colorado,08049,Grand,Grand CO,0.07,0.24,0.17,0.21,0.09,0.29,,,,,,,,,,,,,,,,,,,,,,,,,,,,,,,Colorado,08051,Gunnison,Gunnison CO,0.10,0.20,0.04,0.29,0.15,0.32,,,,,,,,,,,,,,,,,,,,,,,,,,,,,,,Colorado,08053,Hinsdale,Hinsdale CO,0.10,0.20,0.04,0.29,0.15,0.32,,,,,,,,,,,,,,,,,,,,,,,,,,,,,,,Colorado,08055,Huerfano,Huerfano CO,0.20,0.65,0.02,0.13,0.06,0.13,,,,,,,,,,,,,,,,,,,,,,,,,,,,,,,Colorado,08057,Jackson,Jackson CO,0.07,0.24,0.17,0.21,0.09,0.29,,,,,,,,,,,,,,,,,,,,,,,,,,,,,,,Colorado,08059,Jefferson,Jefferson CO,0.08,0.25,0.06,0.24,0.19,0.26,,,,,,,,,,,,,,,,,,,,,,,,,,,,,,,Colorado,08061,Kiowa,Kiowa CO,0.14,0.47,0.10,0.18,0.12,0.14,,,,,,,,,,,,,,,,,,,,,,,,,,,,,,,Colorado,08063,Kit Carson,Kit Carson CO,0.14,0.47,0.10,0.18,0.12,0.14,,,,,,,,,,,,,,,,,,,,,,,,,,,,,,,Colorado,08065,Lake,Lake CO,0.20,0.65,0.02,0.13,0.06,0.13,,,,,,,,,,,,,,,,,,,,,,,,,,,,,,,Colorado,08067,La Plata,La Plata CO,0.10,0.20,0.04,0.29,0.15,0.32,,,,,,,,,,,,,,,,,,,,,,,,,,,,,,,Colorado,08069,Larimer,Larimer CO,0.08,0.22,0.05,0.23,0.28,0.22,,,,,,,,,,,,,,,,,,,,,,,,,,,,,,,Colorado,08071,Las Animas,Las Animas CO,0.09,0.24,0.15,0.44,0.06,0.11,,,,,,,,,,,,,,,,,,,,,,,,,,,,,,,Colorado,08073,Lincoln,Lincoln CO,0.14,0.47,0.10,0.18,0.12,0.14,,,,,,,,,,,,,,,,,,,,,,,,,,,,,,,Colorado,08075,Logan,Logan CO,0.14,0.47,0.10,0.18,0.12,0.14,,,,,,,,,,,,,,,,,,,,,,,,,,,,,,,Colorado,08077,Mesa,Mesa CO,0.12,0.30,0.07,0.26,0.16,0.20,,,,,,,,,,,,,,,,,,,,,,,,,,,,,,,Colorado,08079,Mineral,Mineral CO,0.09,0.24,0.15,0.44,0.06,0.11,,,,,,,,,,,,,,,,,,,,,,,,,,,,,,,Colorado,08081,Moffat,Moffat CO,0.14,0.13,0.11,0.29,0.23,0.24,,,,,,,,,,,,,,,,,,,,,,,,,,,,,,,Colorado,08083,Montezuma,Montezuma CO,0.10,0.20,0.04,0.29,0.15,0.32,,,,,,,,,,,,,,,,,,,,,,,,,,,,,,,Colorado,08085,Montrose,Montrose CO,0.14,0.34,0.01,0.26,0.15,0.24,,,,,,,,,,,,,,,,,,,,,,,,,,,,,,,Colorado,08087,Morgan,Morgan CO,0.14,0.47,0.10,0.18,0.12,0.14,,,,,,,,,,,,,,,,,,,,,,,,,,,,,,,Colorado,08089,Otero,Otero CO,0.09,0.24,0.15,0.44,0.06,0.11,,,,,,,,,,,,,,,,,,,,,,,,,,,,,,,Colorado,08091,Ouray,Ouray CO,0.14,0.34,0.01,0.26,0.15,0.24,,,,,,,,,,,,,,,,,,,,,,,,,,,,,,,Colorado,08093,Park,Park CO,0.20,0.65,0.02,0.13,0.06,0.13,,,,,,,,,,,,,,,,,,,,,,,,,,,,,,,Colorado,08095,Phillips,Phillips CO,0.14,0.47,0.10,0.18,0.12,0.14,,,,,,,,,,,,,,,,,,,,,,,,,,,,,,,Colorado,08097,Pitkin,Pitkin CO,0.07,0.24,0.17,0.21,0.09,0.29,,,,,,,,,,,,,,,,,,,,,,,,,,,,,,,Colorado,08099,Prowers,Prowers CO,0.09,0.24,0.15,0.44,0.06,0.11,,,,,,,,,,,,,,,,,,,,,,,,,,,,,,,Colorado,08101,Pueblo,Pueblo CO,0.10,0.40,0.08,0.22,0.19,0.11,,,,,,,,,,,,,,,,,,,,,,,,,,,,,,,Colorado,08103,Rio Blanco,Rio Blanco CO,0.14,0.13,0.11,0.29,0.23,0.24,,,,,,,,,,,,,,,,,,,,,,,,,,,,,,,Colorado,08105,Rio Grande,Rio Grande CO,0.09,0.24,0.15,0.44,0.06,0.11,,,,,,,,,,,,,,,,,,,,,,,,,,,,,,,Colorado,08107,Routt,Routt CO,0.14,0.13,0.11,0.29,0.23,0.24,,,,,,,,,,,,,,,,,,,,,,,,,,,,,,,Colorado,08109,Saguache,Saguache CO,0.09,0.24,0.15,0.44,0.06,0.11,,,,,,,,,,,,,,,,,,,,,,,,,,,,,,,Colorado,08111,San Juan,San Juan CO,0.10,0.20,0.04,0.29,0.15,0.32,,,,,,,,,,,,,,,,,,,,,,,,,,,,,,,Colorado,08113,San Miguel,San Miguel CO,0.14,0.34,0.01,0.26,0.15,0.24,,,,,,,,,,,,,,,,,,,,,,,,,,,,,,,Colorado,08115,Sedgwick,Sedgwick CO,0.14,0.47,0.10,0.18,0.12,0.14,,,,,,,,,,,,,,,,,,,,,,,,,,,,,,,Colorado,08117,Summit,Summit CO,0.07,0.24,0.17,0.21,0.09,0.29,,,,,,,,,,,,,,,,,,,,,,,,,,,,,,,Colorado,08119,Teller,Teller CO,0.05,0.13,0.06,0.13,0.33,0.34,,,,,,,,,,,,,,,,,,,,,,,,,,,,,,,Colorado,08121,Washington,Washington CO,0.14,0.47,0.10,0.18,0.12,0.14,,,,,,,,,,,,,,,,,,,,,,,,,,,,,,,Colorado,08123,Weld,Weld CO,0.09,0.17,0.08,0.25,0.27,0.22,,,,,,,,,,,,,,,,,,,,,,,,,,,,,,,Colorado,08125,Yuma,Yuma CO,0.14,0.47,0.10,0.18,0.12,0.14,,,,,,,,,,,,,,,,,,,,,,,,,,,,,,,Connecticut,09001,Fairfield,Fairfield CT,0.07,0.23,0.07,0.17,0.18,0.35,,,,,,,,,,,,,,,,,,,,,,,,,,,,,,,Connecticut,09003,Hartford,Hartford CT,0.04,0.20,0.10,0.28,0.21,0.21,,,,,,,,,,,,,,,,,,,,,,,,,,,,,,,Connecticut,09005,Litchfield,Litchfield CT,0.05,0.18,0.20,0.21,0.13,0.29,,,,,,,,,,,,,,,,,,,,,,,,,,,,,,,Connecticut,09007,Middlesex,Middlesex CT,0.03,0.30,**,0.24,0.19,0.27,,,,,,,,,,,,,,,,,,,,,,,,,,,,,,,Connecticut,09009,New Haven,New Haven CT,0.05,0.24,0.05,0.29,0.25,0.17,,,,,,,,,,,,,,,,,,,,,,,,,,,,,,,Connecticut,09011,New London,New London CT,0.04,0.20,0.09,0.24,0.25,0.22,,,,,,,,,,,,,,,,,,,,,,,,,,,,,,,Connecticut,09013,Tolland,Tolland CT,0.03,0.04,**,0.22,0.17,0.55,,,,,,,,,,,,,,,,,,,,,,,,,,,,,,,Connecticut,09015,Windham,Windham CT,0.06,0.17,**,0.23,0.25,0.29,,,,,,,,,,,,,,,,,,,,,,,,,,,,,,,Delaware,10001,Kent,Kent DE,0.09,0.31,0.03,0.27,0.21,0.18,,,,,,,,,,,,,,,,,,,,,,,,,,,,,,,Delaware,10003,New Castle,New Castle DE,0.07,0.36,0.03,0.26,0.21,0.14,,,,,,,,,,,,,,,,,,,,,,,,,,,,,,,Delaware,10005,Sussex,Sussex DE,0.10,0.24,0.15,0.29,0.16,0.16,,,,,,,,,,,,,,,,,,,,,,,,,,,,,,,District of Columbia,11001,District of Columbia,District of Columbia DC,0.03,0.39,0.03,0.20,0.13,0.25,,,,,,,,,,,,,,,,,,,,,,,,,,,,,,,Florida,12001,Alachua,Alachua FL,0.10,0.43,0.07,0.17,0.20,0.13,,,,,,,,,,,,,,,,,,,,,,,,,,,,,,,Florida,12003,Baker,Baker FL,0.12,0.36,0.07,0.35,0.10,0.13,,,,,,,,,,,,,,,,,,,,,,,,,,,,,,,Florida,12005,Bay,Bay FL,0.18,0.36,0.05,0.27,0.17,0.15,,,,,,,,,,,,,,,,,,,,,,,,,,,,,,,Florida,12007,Bradford,Bradford FL,0.26,0.57,0.06,0.20,0.10,0.08,,,,,,,,,,,,,,,,,,,,,,,,,,,,,,,Florida,12009,Brevard,Brevard FL,0.13,0.36,0.09,0.21,0.21,0.13,,,,,,,,,,,,,,,,,,,,,,,,,,,,,,,Florida,12011,Broward,Broward FL,0.17,0.32,0.09,0.26,0.19,0.14,,,,,,,,,,,,,,,,,,,,,,,,,,,,,,,Florida,12013,Calhoun,Calhoun FL,0.25,0.66,0.06,0.16,0.05,0.07,,,,,,,,,,,,,,,,,,,,,,,,,,,,,,,Florida,12015,Charlotte,Charlotte FL,0.20,0.39,0.09,0.26,0.14,0.12,,,,,,,,,,,,,,,,,,,,,,,,,,,,,,,Florida,12017,Citrus,Citrus FL,0.21,0.33,0.08,0.23,0.23,0.14,,,,,,,,,,,,,,,,,,,,,,,,,,,,,,,Florida,12019,Clay,Clay FL,0.12,0.33,0.08,0.25,0.18,0.16,,,,,,,,,,,,,,,,,,,,,,,,,,,,,,,Florida,12021,Collier,Collier FL,0.16,0.22,0.06,0.26,0.23,0.23,,,,,,,,,,,,,,,,,,,,,,,,,,,,,,,Florida,12023,Columbia,Columbia FL,0.26,0.57,0.06,0.20,0.10,0.08,,,,,,,,,,,,,,,,,,,,,,,,,,,,,,,Florida,12027,DeSoto,DeSoto FL,0.22,0.44,0.15,0.28,0.10,0.03,,,,,,,,,,,,,,,,,,,,,,,,,,,,,,,Florida,12029,Dixie,Dixie FL,0.26,0.57,0.06,0.20,0.10,0.08,,,,,,,,,,,,,,,,,,,,,,,,,,,,,,,Florida,12031,Duval,Duval FL,0.14,0.28,0.08,0.32,0.19,0.12,,,,,,,,,,,,,,,,,,,,,,,,,,,,,,,Florida,12033,Escambia,Escambia FL,0.15,0.38,0.13,0.27,0.13,0.10,,,,,,,,,,,,,,,,,,,,,,,,,,,,,,,Florida,12035,Flagler,Flagler FL,0.17,0.36,0.07,0.20,0.15,0.22,,,,,,,,,,,,,,,,,,,,,,,,,,,,,,,Florida,12037,Franklin,Franklin FL,0.25,0.66,0.06,0.16,0.05,0.07,,,,,,,,,,,,,,,,,,,,,,,,,,,,,,,Florida,12039,Gadsden,Gadsden FL,0.25,0.66,0.06,0.16,0.05,0.07,,,,,,,,,,,,,,,,,,,,,,,,,,,,,,,Florida,12041,Gilchrist,Gilchrist FL,0.26,0.57,0.06,0.20,0.10,0.08,,,,,,,,,,,,,,,,,,,,,,,,,,,,,,,Florida,12043,Glades,Glades FL,0.24,0.39,0.15,0.25,0.15,0.06,,,,,,,,,,,,,,,,,,,,,,,,,,,,,,,Florida,12045,Gulf,Gulf FL,0.25,0.66,0.06,0.16,0.05,0.07,,,,,,,,,,,,,,,,,,,,,,,,,,,,,,,Florida,12047,Hamilton,Hamilton FL,0.22,0.74,0.04,0.15,0.07,0.01,,,,,,,,,,,,,,,,,,,,,,,,,,,,,,,Florida,12049,Hardee,Hardee FL,0.22,0.44,0.15,0.28,0.10,0.03,,,,,,,,,,,,,,,,,,,,,,,,,,,,,,,Florida,12051,Hendry,Hendry FL,0.24,0.39,0.15,0.25,0.15,0.06,,,,,,,,,,,,,,,,,,,,,,,,,,,,,,,Florida,12053,Hernando,Hernando FL,0.17,0.38,0.11,0.27,0.15,0.08,,,,,,,,,,,,,,,,,,,,,,,,,,,,,,,Florida,12055,Highlands,Highlands FL,0.22,0.43,0.15,0.27,0.11,0.04,,,,,,,,,,,,,,,,,,,,,,,,,,,,,,,Florida,12057,Hillsborough,Hillsborough FL,0.14,0.33,0.07,0.28,0.17,0.15,,,,,,,,,,,,,,,,,,,,,,,,,,,,,,,Florida,12059,Holmes,Holmes FL,0.18,0.36,0.05,0.27,0.17,0.15,,,,,,,,,,,,,,,,,,,,,,,,,,,,,,,Florida,12061,Indian River,Indian River FL,0.19,0.35,0.09,0.31,0.12,0.14,,,,,,,,,,,,,,,,,,,,,,,,,,,,,,,Florida,12063,Jackson,Jackson FL,0.25,0.66,0.06,0.16,0.05,0.07,,,,,,,,,,,,,,,,,,,,,,,,,,,,,,,Florida,12065,Jefferson,Jefferson FL,0.25,0.66,0.06,0.16,0.05,0.07,,,,,,,,,,,,,,,,,,,,,,,,,,,,,,,Florida,12067,Lafayette,Lafayette FL,0.22,0.74,0.04,0.15,0.07,0.01,,,,,,,,,,,,,,,,,,,,,,,,,,,,,,,Florida,12069,Lake,Lake FL,0.17,0.38,0.11,0.25,0.13,0.13,,,,,,,,,,,,,,,,,,,,,,,,,,,,,,,Florida,12071,Lee,Lee FL,0.16,0.29,0.07,0.28,0.23,0.13,,,,,,,,,,,,,,,,,,,,,,,,,,,,,,,Florida,12073,Leon,Leon FL,0.11,0.44,0.06,0.13,0.16,0.21,,,,,,,,,,,,,,,,,,,,,,,,,,,,,,,Florida,12075,Levy,Levy FL,0.26,0.57,0.06,0.20,0.10,0.08,,,,,,,,,,,,,,,,,,,,,,,,,,,,,,,Florida,12077,Liberty,Liberty FL,0.25,0.66,0.06,0.16,0.05,0.07,,,,,,,,,,,,,,,,,,,,,,,,,,,,,,,Florida,12079,Madison,Madison FL,0.22,0.74,0.04,0.15,0.07,0.01,,,,,,,,,,,,,,,,,,,,,,,,,,,,,,,Florida,12081,Manatee,Manatee FL,0.15,0.38,0.10,0.26,0.16,0.10,,,,,,,,,,,,,,,,,,,,,,,,,,,,,,,Florida,12083,Marion,Marion FL,0.19,0.40,0.12,0.21,0.17,0.11,,,,,,,,,,,,,,,,,,,,,,,,,,,,,,,Florida,12085,Martin,Martin FL,0.13,0.41,0.09,0.30,0.07,0.14,,,,,,,,,,,,,,,,,,,,,,,,,,,,,,,Florida,12086,Miami-Dade,Miami-Dade FL,0.16,0.31,0.10,0.28,0.17,0.14,,,,,,,,,,,,,,,,,,,,,,,,,,,,,,,Florida,12087,Monroe,Monroe FL,0.27,0.25,0.09,0.27,0.21,0.18,,,,,,,,,,,,,,,,,,,,,,,,,,,,,,,Florida,12089,Nassau,Nassau FL,0.12,0.36,0.07,0.35,0.10,0.13,,,,,,,,,,,,,,,,,,,,,,,,,,,,,,,Florida,12091,Okaloosa,Okaloosa FL,0.14,0.34,0.11,0.30,0.13,0.13,,,,,,,,,,,,,,,,,,,,,,,,,,,,,,,Florida,12093,Okeechobee,Okeechobee FL,0.24,0.39,0.15,0.25,0.15,0.06,,,,,,,,,,,,,,,,,,,,,,,,,,,,,,,Florida,12095,Orange,Orange FL,0.14,0.30,0.09,0.27,0.18,0.15,,,,,,,,,,,,,,,,,,,,,,,,,,,,,,,Florida,12097,Osceola,Osceola FL,0.13,0.41,0.05,0.21,0.21,0.12,,,,,,,,,,,,,,,,,,,,,,,,,,,,,,,Florida,12099,Palm Beach,Palm Beach FL,0.15,0.33,0.10,0.26,0.16,0.16,,,,,,,,,,,,,,,,,,,,,,,,,,,,,,,Florida,12101,Pasco,Pasco FL,0.17,0.27,0.11,0.26,0.23,0.13,,,,,,,,,,,,,,,,,,,,,,,,,,,,,,,Florida,12103,Pinellas,Pinellas FL,0.15,0.34,0.06,0.24,0.18,0.17,,,,,,,,,,,,,,,,,,,,,,,,,,,,,,,Florida,12105,Polk,Polk FL,0.17,0.37,0.15,0.27,0.12,0.08,,,,,,,,,,,,,,,,,,,,,,,,,,,,,,,Florida,12107,Putnam,Putnam FL,0.23,0.26,0.12,0.24,0.19,0.18,,,,,,,,,,,,,,,,,,,,,,,,,,,,,,,Florida,12109,St. Johns,St. Johns FL,0.11,0.34,0.04,0.23,0.20,0.19,,,,,,,,,,,,,,,,,,,,,,,,,,,,,,,Florida,12111,St. Lucie,St. Lucie FL,0.20,0.28,0.10,0.34,0.18,0.10,,,,,,,,,,,,,,,,,,,,,,,,,,,,,,,Florida,12113,Santa Rosa,Santa Rosa FL,0.16,0.48,0.14,0.14,0.12,0.12,,,,,,,,,,,,,,,,,,,,,,,,,,,,,,,Florida,12115,Sarasota,Sarasota FL,0.16,0.26,0.10,0.25,0.19,0.21,,,,,,,,,,,,,,,,,,,,,,,,,,,,,,,Florida,12117,Seminole,Seminole FL,0.11,0.28,0.09,0.28,0.20,0.15,,,,,,,,,,,,,,,,,,,,,,,,,,,,,,,Florida,12119,Sumter,Sumter FL,0.22,0.44,0.06,0.33,0.08,0.09,,,,,,,,,,,,,,,,,,,,,,,,,,,,,,,Florida,12121,Suwannee,Suwannee FL,0.22,0.74,0.04,0.15,0.07,0.01,,,,,,,,,,,,,,,,,,,,,,,,,,,,,,,Florida,12123,Taylor,Taylor FL,0.22,0.74,0.04,0.15,0.07,0.01,,,,,,,,,,,,,,,,,,,,,,,,,,,,,,,Florida,12125,Union,Union FL,0.26,0.57,0.06,0.20,0.10,0.08,,,,,,,,,,,,,,,,,,,,,,,,,,,,,,,Florida,12127,Volusia,Volusia FL,0.16,0.32,0.09,0.28,0.19,0.12,,,,,,,,,,,,,,,,,,,,,,,,,,,,,,,Florida,12129,Wakulla,Wakulla FL,0.25,0.66,0.06,0.16,0.05,0.07,,,,,,,,,,,,,,,,,,,,,,,,,,,,,,,Florida,12131,Walton,Walton FL,0.18,0.36,0.05,0.27,0.17,0.15,,,,,,,,,,,,,,,,,,,,,,,,,,,,,,,Florida,12133,Washington,Washington FL,0.18,0.36,0.05,0.27,0.17,0.15,,,,,,,,,,,,,,,,,,,,,,,,,,,,,,,Georgia,13001,Appling,Appling GA,0.28,0.57,0.11,0.18,0.08,0.06,,,,,,,,,,,,,,,,,,,,,,,,,,,,,,,Georgia,13003,Atkinson,Atkinson GA,0.22,0.55,0.09,0.25,0.09,0.02,,,,,,,,,,,,,,,,,,,,,,,,,,,,,,,Georgia,13005,Bacon,Bacon GA,0.22,0.55,0.09,0.25,0.09,0.02,,,,,,,,,,,,,,,,,,,,,,,,,,,,,,,Georgia,13007,Baker,Baker GA,0.27,0.46,0.17,0.18,0.13,0.06,,,,,,,,,,,,,,,,,,,,,,,,,,,,,,,Georgia,13009,Baldwin,Baldwin GA,0.15,0.53,0.04,0.25,0.13,0.06,,,,,,,,,,,,,,,,,,,,,,,,,,,,,,,Georgia,13011,Banks,Banks GA,0.19,0.44,0.07,0.27,0.14,0.09,,,,,,,,,,,,,,,,,,,,,,,,,,,,,,,Georgia,13013,Barrow,Barrow GA,0.14,0.35,0.09,0.27,0.14,0.15,,,,,,,,,,,,,,,,,,,,,,,,,,,,,,,Georgia,13015,Bartow,Bartow GA,0.19,0.49,0.13,0.19,0.09,0.10,,,,,,,,,,,,,,,,,,,,,,,,,,,,,,,Georgia,13017,Ben Hill,Ben Hill GA,0.26,0.54,0.06,0.17,0.15,0.08,,,,,,,,,,,,,,,,,,,,,,,,,,,,,,,Georgia,13019,Berrien,Berrien GA,0.26,0.54,0.06,0.17,0.15,0.08,,,,,,,,,,,,,,,,,,,,,,,,,,,,,,,Georgia,13021,Bibb,Bibb GA,0.16,0.51,0.07,0.19,0.16,0.07,,,,,,,,,,,,,,,,,,,,,,,,,,,,,,,Georgia,13023,Bleckley,Bleckley GA,0.21,0.56,0.05,0.26,0.08,0.05,,,,,,,,,,,,,,,,,,,,,,,,,,,,,,,Georgia,13025,Brantley,Brantley GA,0.22,0.55,0.09,0.25,0.09,0.02,,,,,,,,,,,,,,,,,,,,,,,,,,,,,,,Georgia,13027,Brooks,Brooks GA,0.26,0.54,0.06,0.17,0.15,0.08,,,,,,,,,,,,,,,,,,,,,,,,,,,,,,,Georgia,13029,Bryan,Bryan GA,0.12,0.32,0.05,0.32,0.16,0.15,,,,,,,,,,,,,,,,,,,,,,,,,,,,,,,Georgia,13031,Bulloch,Bulloch GA,0.12,0.41,0.07,0.26,0.18,0.08,,,,,,,,,,,,,,,,,,,,,,,,,,,,,,,Georgia,13033,Burke,Burke GA,0.19,0.48,0.05,0.27,0.13,0.08,,,,,,,,,,,,,,,,,,,,,,,,,,,,,,,Georgia,13035,Butts,Butts GA,0.17,0.50,0.12,0.17,0.15,0.06,,,,,,,,,,,,,,,,,,,,,,,,,,,,,,,Georgia,13037,Calhoun,Calhoun GA,0.27,0.46,0.17,0.18,0.13,0.06,,,,,,,,,,,,,,,,,,,,,,,,,,,,,,,Georgia,13039,Camden,Camden GA,0.15,0.42,0.06,0.24,0.19,0.08,,,,,,,,,,,,,,,,,,,,,,,,,,,,,,,Georgia,13043,Candler,Candler GA,0.21,0.56,0.05,0.26,0.08,0.05,,,,,,,,,,,,,,,,,,,,,,,,,,,,,,,Georgia,13045,Carroll,Carroll GA,0.18,0.41,0.13,0.15,0.16,0.15,,,,,,,,,,,,,,,,,,,,,,,,,,,,,,,Georgia,13047,Catoosa,Catoosa GA,0.16,0.41,0.16,0.24,0.15,0.04,,,,,,,,,,,,,,,,,,,,,,,,,,,,,,,Georgia,13049,Charlton,Charlton GA,0.22,0.55,0.09,0.25,0.09,0.02,,,,,,,,,,,,,,,,,,,,,,,,,,,,,,,Georgia,13051,Chatham,Chatham GA,0.1